5 4 1.2
0 0 18
0 1 17.9582
0 2 17.8266
0 3 17.7966
0 4 17.7689
0 5 17.7432
0 6 17.9324
0 7 17.8806
0 8 17.6358
0 9 17.6509
0 10 17.8093
0 11 17.4977
0 12 17.4393
0 13 17.4618
0 14 17.6649
0 15 17.9016
0 16 18.0446
0 17 18.1582
0 18 18.4106
0 19 18.6162
0 20 18.8974
0 21 18.9417
0 22 19.1448
0 23 19.4913
0 24 19.5897
0 25 19.4537
0 26 19.3813
0 27 19.009
0 28 18.5846
0 29 18.4196
0 30 18.3269
0 31 18.0562
0 32 18
1 0 18.1747
1 1 18.164
1 2 17.9777
1 3 18.0306
1 4 17.9399
1 5 18.0215
1 6 18.117
1 7 18.0383
1 8 17.9435
1 9 17.8615
1 10 17.8347
1 11 17.7812
1 12 17.7413
1 13 17.7405
1 14 17.905
1 15 18.1666
1 16 18.4528
1 17 18.5602
1 18 18.6379
1 19 18.9073
1 20 19.0885
1 21 19.3074
1 22 19.5114
1 23 19.7038
1 24 19.9357
1 25 19.7322
1 26 19.5995
1 27 19.3262
1 28 18.9926
1 29 18.9943
1 30 18.9494
1 31 18.8091
1 32 18.7485
2 0 18.6024
2 1 18.4688
2 2 18.3886
2 3 18.302
2 4 18.3084
2 5 18.3925
2 6 18.2051
2 7 18.2844
2 8 18.2242
2 9 18.0614
2 10 18.1331
2 11 17.9717
2 12 17.9255
2 13 17.9814
2 14 18.26
2 15 18.4037
2 16 18.6995
2 17 18.8852
2 18 19.0204
2 19 19.3144
2 20 19.4712
2 21 19.6115
2 22 19.7993
2 23 19.945
2 24 20.0846
2 25 19.9126
2 26 19.7646
2 27 19.6068
2 28 19.4844
2 29 19.5475
2 30 19.745
2 31 19.6196
2 32 19.5529
3 0 18.8175
3 1 18.6424
3 2 18.4237
3 3 18.3893
3 4 18.3132
3 5 18.3006
3 6 18.2938
3 7 18.3184
3 8 18.4653
3 9 18.3424
3 10 18.3309
3 11 18.3084
3 12 18.3378
3 13 18.4897
3 14 18.7026
3 15 18.7455
3 16 18.8896
3 17 19.1605
3 18 19.4775
3 19 19.58
3 20 19.5392
3 21 19.785
3 22 19.8785
3 23 20.0624
3 24 20.3443
3 25 20.1685
3 26 19.8973
3 27 20.03
3 28 20.2014
3 29 20.3418
3 30 20.6218
3 31 20.5673
3 32 20.4299
4 0 18.7702
4 1 18.7529
4 2 18.7447
4 3 18.6402
4 4 18.502
4 5 18.2904
4 6 18.2571
4 7 18.2416
4 8 18.4968
4 9 18.4705
4 10 18.4215
4 11 18.6104
4 12 18.8592
4 13 18.9734
4 14 18.9177
4 15 19.012
4 16 19.2464
4 17 19.5057
4 18 19.7494
4 19 19.9594
4 20 19.8836
4 21 20.1572
4 22 20.182
4 23 20.1843
4 24 20.4184
4 25 20.4
4 26 20.2776
4 27 20.5439
4 28 20.6378
4 29 20.8578
4 30 21.3351
4 31 21.4907
4 32 21.4357
5 0 18.6653
5 1 18.658
5 2 18.6431
5 3 18.5806
5 4 18.4502
5 5 18.3715
5 6 18.3016
5 7 18.3558
5 8 18.534
5 9 18.5144
5 10 18.6029
5 11 18.9677
5 12 19.3341
5 13 19.3575
5 14 19.3162
5 15 19.4995
5 16 19.7967
5 17 20.0063
5 18 20.2564
5 19 20.2937
5 20 20.3271
5 21 20.5517
5 22 20.7337
5 23 20.6821
5 24 20.606
5 25 20.6868
5 26 20.7478
5 27 20.9276
5 28 20.9756
5 29 21.3382
5 30 21.7123
5 31 21.8874
5 32 22.0066
6 0 18.5595
6 1 18.4614
6 2 18.6012
6 3 18.6689
6 4 18.6553
6 5 18.5636
6 6 18.4365
6 7 18.4125
6 8 18.3015
6 9 18.5027
6 10 18.9195
6 11 19.304
6 12 19.7239
6 13 19.8803
6 14 19.8325
6 15 20.0144
6 16 20.1662
6 17 20.3433
6 18 20.6268
6 19 20.6833
6 20 21.0123
6 21 21.0989
6 22 21.1384
6 23 21.1154
6 24 21.0204
6 25 21.0647
6 26 21.229
6 27 21.3848
6 28 21.4314
6 29 21.7739
6 30 22.1781
6 31 22.3426
6 32 22.6096
7 0 18.5465
7 1 18.4696
7 2 18.524
7 3 18.6825
7 4 18.7588
7 5 18.6807
7 6 18.6048
7 7 18.5888
7 8 18.5842
7 9 18.7925
7 10 19.0945
7 11 19.5982
7 12 20.1272
7 13 20.233
7 14 20.2252
7 15 20.3266
7 16 20.4575
7 17 20.6888
7 18 20.8803
7 19 21.1645
7 20 21.4227
7 21 21.5258
7 22 21.68
7 23 21.5837
7 24 21.4726
7 25 21.6389
7 26 21.8311
7 27 21.8408
7 28 21.9457
7 29 22.3707
7 30 22.7462
7 31 22.8567
7 32 23.0377
8 0 18.4058
8 1 18.4601
8 2 18.6859
8 3 18.846
8 4 18.9511
8 5 18.9068
8 6 18.5761
8 7 18.6314
8 8 18.6465
8 9 18.8964
8 10 19.305
8 11 19.7851
8 12 20.5334
8 13 20.591
8 14 20.6615
8 15 20.7005
8 16 20.9906
8 17 21.0789
8 18 21.2641
8 19 21.5322
8 20 21.7245
8 21 21.8465
8 22 22.1035
8 23 22.2002
8 24 22.0826
8 25 22.2635
8 26 22.2565
8 27 22.3329
8 28 22.6621
8 29 22.9566
8 30 23.0764
8 31 23.3287
8 32 23.5725
9 0 18.2191
9 1 18.3269
9 2 18.4005
9 3 18.6273
9 4 18.8217
9 5 18.6818
9 6 18.4678
9 7 18.4857
9 8 18.473
9 9 18.7946
9 10 19.0959
9 11 19.7895
9 12 20.4817
9 13 20.5708
9 14 20.8211
9 15 20.949
9 16 21.2099
9 17 21.2433
9 18 21.3106
9 19 21.6272
9 20 21.7124
9 21 21.9902
9 22 22.1146
9 23 22.2854
9 24 22.3897
9 25 22.5429
9 26 22.6979
9 27 22.8391
9 28 23.1596
9 29 23.3357
9 30 23.4328
9 31 23.7786
9 32 24.0102
10 0 17.8621
10 1 18.1386
10 2 18.2447
10 3 18.4267
10 4 18.5603
10 5 18.596
10 6 18.4169
10 7 18.4473
10 8 18.2225
10 9 18.7084
10 10 19.1416
10 11 19.7088
10 12 20.1859
10 13 20.4586
10 14 20.8033
10 15 21.0363
10 16 21.2579
10 17 21.3854
10 18 21.6065
10 19 21.8678
10 20 21.9644
10 21 22.2396
10 22 22.3528
10 23 22.5659
10 24 22.571
10 25 22.7039
10 26 23.0402
10 27 23.3032
10 28 23.536
10 29 23.9173
10 30 24.0175
10 31 24.3189
10 32 24.508
11 0 17.5526
11 1 17.7686
11 2 17.8503
11 3 18.0767
11 4 18.2392
11 5 18.39
11 6 18.2455
11 7 18.3622
11 8 18.3523
11 9 18.7078
11 10 19.0126
11 11 19.6152
11 12 20.2198
11 13 20.4297
11 14 20.7621
11 15 21.1201
11 16 21.4454
11 17 21.632
11 18 21.902
11 19 22.0142
11 20 22.1744
11 21 22.3899
11 22 22.7327
11 23 22.9128
11 24 23.0943
11 25 23.113
11 26 23.2317
11 27 23.6347
11 28 24.0364
11 29 24.2301
11 30 24.3846
11 31 24.7027
11 32 24.9699
12 0 17.5238
12 1 17.5662
12 2 17.5527
12 3 17.8491
12 4 18.0943
12 5 18.3417
12 6 18.3039
12 7 18.4327
12 8 18.3427
12 9 18.6795
12 10 19.0908
12 11 19.5715
12 12 20.0049
12 13 20.2637
12 14 20.8013
12 15 21.2188
12 16 21.7974
12 17 21.7307
12 18 21.9266
12 19 22.1094
12 20 22.3597
12 21 22.5384
12 22 22.8807
12 23 23.1362
12 24 23.3733
12 25 23.3763
12 26 23.5956
12 27 23.9945
12 28 24.3162
12 29 24.538
12 30 24.9624
12 31 25.1705
12 32 25.1805
13 0 17.7043
13 1 17.7268
13 2 17.791
13 3 17.9941
13 4 18.0753
13 5 18.2411
13 6 18.236
13 7 18.3708
13 8 18.4092
13 9 18.7101
13 10 18.9975
13 11 19.3884
13 12 19.8107
13 13 20.2594
13 14 20.7927
13 15 21.2024
13 16 21.763
13 17 21.8308
13 18 22.0563
13 19 22.3141
13 20 22.6179
13 21 22.8379
13 22 23.0613
13 23 23.352
13 24 23.5238
13 25 23.7939
13 26 24.0689
13 27 24.3528
13 28 24.6734
13 29 24.9069
13 30 25.3492
13 31 25.4178
13 32 25.5165
14 0 17.7758
14 1 17.8234
14 2 18.0367
14 3 18.2353
14 4 18.25
14 5 18.2362
14 6 18.247
14 7 18.4079
14 8 18.3898
14 9 18.75
14 10 19.1458
14 11 19.2915
14 12 19.6126
14 13 20.1534
14 14 20.6639
14 15 21.1344
14 16 21.4993
14 17 21.6467
14 18 21.9844
14 19 22.4683
14 20 22.775
14 21 23.0432
14 22 23.2693
14 23 23.6454
14 24 23.869
14 25 24.154
14 26 24.4451
14 27 24.7167
14 28 25.0629
14 29 25.1655
14 30 25.4712
14 31 25.5837
14 32 25.7053
15 0 18.005
15 1 18.1297
15 2 18.3168
15 3 18.3303
15 4 18.3719
15 5 18.2346
15 6 18.1003
15 7 18.3757
15 8 18.4971
15 9 18.7848
15 10 19.1063
15 11 19.3989
15 12 19.6655
15 13 20.1347
15 14 20.5745
15 15 20.9919
15 16 21.4758
15 17 21.7028
15 18 21.8707
15 19 22.3533
15 20 22.8143
15 21 23.1127
15 22 23.3757
15 23 23.8649
15 24 24.1831
15 25 24.4536
15 26 24.7693
15 27 25.0809
15 28 25.54
15 29 25.5299
15 30 25.76
15 31 25.9718
15 32 26.282
16 0 18.0538
16 1 18.2637
16 2 18.3619
16 3 18.3943
16 4 18.2367
16 5 18.0905
16 6 18.1218
16 7 18.4065
16 8 18.5921
16 9 18.8023
16 10 19.1808
16 11 19.4959
16 12 19.76
16 13 20.2258
16 14 20.5656
16 15 20.9232
16 16 21.4616
16 17 21.7005
16 18 21.8688
16 19 22.2279
16 20 22.8429
16 21 23.2706
16 22 23.5172
16 23 24.1467
16 24 24.7241
16 25 24.7279
16 26 24.9557
16 27 25.3431
16 28 25.7494
16 29 25.6568
16 30 25.8437
16 31 26.1741
16 32 26.5729
17 0 18.5552
17 1 18.5807
17 2 18.6142
17 3 18.705
17 4 18.7324
17 5 18.6184
17 6 18.4997
17 7 18.6824
17 8 18.8727
17 9 19.2444
17 10 19.6803
17 11 19.8958
17 12 20.217
17 13 20.5939
17 14 20.8635
17 15 21.1735
17 16 21.613
17 17 21.8783
17 18 22.1158
17 19 22.7532
17 20 23.2705
17 21 23.6367
17 22 24.0535
17 23 24.5029
17 24 24.9738
17 25 25.2011
17 26 25.6128
17 27 25.9863
17 28 26.2822
17 29 26.4784
17 30 26.6748
17 31 26.9906
17 32 27.3086
18 0 18.9708
18 1 18.9352
18 2 18.9963
18 3 19.1781
18 4 19.1925
18 5 19.0896
18 6 19.0646
18 7 19.0791
18 8 18.9097
18 9 19.4815
18 10 19.9273
18 11 20.2274
18 12 20.7602
18 13 21.0649
18 14 21.0972
18 15 21.2985
18 16 21.5914
18 17 21.9996
18 18 22.6296
18 19 23.2637
18 20 23.8255
18 21 24.0784
18 22 24.5223
18 23 24.7756
18 24 25.2774
18 25 25.5455
18 26 26.0609
18 27 26.6465
18 28 27.0349
18 29 27.3356
18 30 27.3689
18 31 27.6811
18 32 28.0418
19 0 19.025
19 1 19.0658
19 2 19.1628
19 3 19.3118
19 4 19.3931
19 5 19.4401
19 6 19.4112
19 7 19.3302
19 8 19.3212
19 9 19.7814
19 10 20.2104
19 11 20.6176
19 12 20.9249
19 13 21.1589
19 14 21.4365
19 15 21.631
19 16 21.9063
19 17 22.362
19 18 23.0729
19 19 23.5635
19 20 24.158
19 21 24.5379
19 22 24.9637
19 23 25.2498
19 24 25.6101
19 25 26.0472
19 26 26.6061
19 27 27.0276
19 28 27.425
19 29 27.7545
19 30 28.0016
19 31 28.2584
19 32 28.5495
20 0 19.2507
20 1 19.09
20 2 19.1619
20 3 19.3793
20 4 19.6421
20 5 19.7602
20 6 19.8666
20 7 19.6192
20 8 19.6425
20 9 20.0533
20 10 20.6161
20 11 20.9833
20 12 21.1532
20 13 21.317
20 14 21.7067
20 15 21.9072
20 16 22.08
20 17 22.6104
20 18 23.353
20 19 23.8903
20 20 24.411
20 21 24.9066
20 22 25.1804
20 23 25.5932
20 24 26.0559
20 25 26.4768
20 26 27.0783
20 27 27.4698
20 28 27.9121
20 29 28.1959
20 30 28.5331
20 31 28.9033
20 32 29.1714
21 0 19.4728
21 1 19.4839
21 2 19.6567
21 3 19.8134
21 4 20.0969
21 5 20.1828
21 6 20.2383
21 7 20.241
21 8 20.4311
21 9 20.7515
21 10 21.0458
21 11 21.3578
21 12 21.6248
21 13 21.8304
21 14 22.0845
21 15 22.3172
21 16 22.4071
21 17 23.0924
21 18 23.8456
21 19 24.4013
21 20 25.0286
21 21 25.3767
21 22 25.6714
21 23 26.1117
21 24 26.5744
21 25 26.8823
21 26 27.3095
21 27 27.8433
21 28 28.2447
21 29 28.672
21 30 28.9496
21 31 29.4406
21 32 29.8512
22 0 19.5746
22 1 19.6349
22 2 19.9471
22 3 20.1843
22 4 20.4321
22 5 20.667
22 6 20.8071
22 7 20.8087
22 8 21.0533
22 9 21.3439
22 10 21.5885
22 11 21.8404
22 12 22.195
22 13 22.3373
22 14 22.6287
22 15 22.7944
22 16 22.9918
22 17 23.5374
22 18 24.3495
22 19 24.8737
22 20 25.4947
22 21 25.7782
22 22 26.1989
22 23 26.6048
22 24 26.9305
22 25 27.2892
22 26 27.7572
22 27 28.2231
22 28 28.7457
22 29 29.1583
22 30 29.6161
22 31 30.1113
22 32 30.4302
23 0 19.4669
23 1 19.8541
23 2 20.3423
23 3 20.576
23 4 20.9058
23 5 21.0087
23 6 21.2359
23 7 21.3428
23 8 21.4378
23 9 21.7946
23 10 22.1551
23 11 22.3768
23 12 22.7512
23 13 22.9129
23 14 23.2043
23 15 23.2469
23 16 23.3987
23 17 24.069
23 18 24.7717
23 19 25.3408
23 20 25.9381
23 21 26.2333
23 22 26.5215
23 23 26.9662
23 24 27.193
23 25 27.6416
23 26 28.1086
23 27 28.7598
23 28 29.5182
23 29 29.7769
23 30 30.0249
23 31 30.5583
23 32 30.934
24 0 19.5475
24 1 20.0928
24 2 20.6777
24 3 21.0092
24 4 21.269
24 5 21.294
24 6 21.5815
24 7 21.7819
24 8 22.0648
24 9 22.2709
24 10 22.6362
24 11 22.7605
24 12 23.0697
24 13 23.4342
24 14 23.6177
24 15 23.7183
24 16 24.0893
24 17 24.6498
24 18 25.2839
24 19 25.7581
24 20 26.4948
24 21 26.7453
24 22 27.1181
24 23 27.4529
24 24 27.5021
24 25 27.9531
24 26 28.5929
24 27 29.2416
24 28 30.0481
24 29 30.4461
24 30 30.5842
24 31 31.1706
24 32 31.5163
25 0 20.045
25 1 20.4968
25 2 20.8338
25 3 21.2095
25 4 21.3618
25 5 21.67
25 6 22.1407
25 7 22.2392
25 8 22.4135
25 9 22.7212
25 10 23.0259
25 11 23.2695
25 12 23.4095
25 13 23.7377
25 14 23.9369
25 15 24.0564
25 16 24.2092
25 17 24.8999
25 18 25.6836
25 19 26.1992
25 20 26.9137
25 21 27.2178
25 22 27.6083
25 23 27.9083
25 24 28.1213
25 25 28.5412
25 26 29.0298
25 27 29.7332
25 28 30.2721
25 29 30.7159
25 30 30.9103
25 31 31.4244
25 32 31.8892
26 0 20.5577
26 1 21.0263
26 2 21.2559
26 3 21.5922
26 4 21.7198
26 5 21.989
26 6 22.4514
26 7 22.4834
26 8 22.7967
26 9 23.0853
26 10 23.4624
26 11 23.7733
26 12 23.8725
26 13 24.0559
26 14 24.3922
26 15 24.388
26 16 24.4952
26 17 25.2
26 18 25.8009
26 19 26.5054
26 20 27.1373
26 21 27.4903
26 22 28.0038
26 23 28.4439
26 24 28.6868
26 25 29.1548
26 26 29.4566
26 27 30.246
26 28 30.7706
26 29 31.139
26 30 31.3521
26 31 31.6669
26 32 32.0271
27 0 20.6504
27 1 21.1518
27 2 21.3895
27 3 21.8102
27 4 22.1997
27 5 22.5298
27 6 22.9792
27 7 23.1327
27 8 23.369
27 9 23.7845
27 10 24.048
27 11 24.259
27 12 24.4507
27 13 24.5154
27 14 24.7142
27 15 24.8716
27 16 25.0099
27 17 25.5269
27 18 26.0652
27 19 26.7446
27 20 27.4335
27 21 27.9
27 22 28.3137
27 23 28.6974
27 24 28.9775
27 25 29.3965
27 26 29.6416
27 27 30.4181
27 28 31.0854
27 29 31.2737
27 30 31.5242
27 31 31.875
27 32 32.2351
28 0 20.9472
28 1 21.5032
28 2 21.7774
28 3 22.0762
28 4 22.5659
28 5 23.0193
28 6 23.5034
28 7 23.7464
28 8 24.1551
28 9 24.5035
28 10 24.7849
28 11 24.815
28 12 24.7789
28 13 24.8797
28 14 25.2541
28 15 25.2594
28 16 25.4804
28 17 25.9713
28 18 26.3096
28 19 26.8777
28 20 27.7077
28 21 28.2382
28 22 28.7439
28 23 29.0558
28 24 29.4287
28 25 29.7973
28 26 30.0193
28 27 30.6076
28 28 31.1899
28 29 31.3771
28 30 31.7045
28 31 32.1771
28 32 32.5093
29 0 21.4155
29 1 21.7586
29 2 22.1866
29 3 22.5173
29 4 22.8643
29 5 23.2974
29 6 23.8735
29 7 24.0398
29 8 24.2981
29 9 24.6742
29 10 25.0953
29 11 25.2044
29 12 25.274
29 13 25.3231
29 14 25.4084
29 15 25.5157
29 16 25.5521
29 17 26.1669
29 18 26.6767
29 19 27.169
29 20 27.8142
29 21 28.4985
29 22 29.1722
29 23 29.5297
29 24 30.0251
29 25 30.2527
29 26 30.6013
29 27 30.9914
29 28 31.6229
29 29 31.8244
29 30 32.1958
29 31 32.5292
29 32 32.8951
30 0 21.7656
30 1 22.0652
30 2 22.6264
30 3 22.8898
30 4 23.1808
30 5 23.5361
30 6 23.9995
30 7 24.2282
30 8 24.6524
30 9 24.9379
30 10 25.2121
30 11 25.7032
30 12 25.9121
30 13 25.8651
30 14 25.8445
30 15 25.7192
30 16 25.8722
30 17 26.4595
30 18 26.9399
30 19 27.3647
30 20 27.9937
30 21 28.7108
30 22 29.3514
30 23 29.8438
30 24 30.5315
30 25 30.5991
30 26 30.9192
30 27 31.2652
30 28 31.8281
30 29 32.1618
30 30 32.5452
30 31 32.9643
30 32 33.1846
31 0 22.3101
31 1 22.732
31 2 23.212
31 3 23.3427
31 4 23.6775
31 5 23.9706
31 6 24.3647
31 7 24.7656
31 8 25.2884
31 9 25.4213
31 10 25.6387
31 11 25.9142
31 12 26.2945
31 13 26.1872
31 14 26.091
31 15 26.0449
31 16 26.0643
31 17 26.7247
31 18 27.2375
31 19 27.8459
31 20 28.4615
31 21 29.04
31 22 29.5499
31 23 30.2029
31 24 30.8782
31 25 30.9158
31 26 31.2028
31 27 31.5411
31 28 32.07
31 29 32.4919
31 30 32.8836
31 31 33.2692
31 32 33.5235
32 0 23
32 1 23.3335
32 2 23.642
32 3 23.6757
32 4 23.9384
32 5 24.3458
32 6 24.6857
32 7 25.2793
32 8 25.6697
32 9 25.8495
32 10 25.8288
32 11 26.0724
32 12 26.4979
32 13 26.3908
32 14 26.5314
32 15 26.441
32 16 26.5235
32 17 26.9993
32 18 27.616
32 19 28.3538
32 20 28.869
32 21 29.3002
32 22 29.9829
32 23 30.442
32 24 30.9976
32 25 31.0922
32 26 31.4211
32 27 31.7662
32 28 32.3043
32 29 32.7206
32 30 33.1984
32 31 33.585
32 32 34
